2,2,10
events
1,1,12
1,1,18
1,2,0
1,2,11
1,3,11
1,3,25
1,4,0
1,4,6
1,5,7
1,5,18
1,6,0
1,6,10
1,7,2
1,7,3
1,8,7
1,8,18
1,9,0
1,9,1
1,10,0
1,10,3
2,1,15
2,1,18
2,2,1
2,2,4
2,3,2
2,3,25
2,4,0
2,4,3
2,5,3
2,5,18
2,6,4
2,6,18
2,7,0
2,7,1
2,8,10
2,8,18
2,9,2
2,9,0
2,10,0
2,10,13
groups
3,4,1,2,3,4,5,6,7,8,9,10
4,5,1,2,3,4,5,6,7,8,9,10
5,3,1,2,3,4,5,6,7,8,9,10
6,3,1,2,3,4,5,6,7,8,9,10
9,4,1,2,3,4,5,6,7,8,9,10
10,3,1,2,3,4,5,6,7,8,9,10
13,3,1,2,3,4,5,6,7,8,9,10
14,3,1,2,3,4,5,6,7,8,9,10
28,4,1,2,3,4,5,6,7,8,9,10
39,4,1,2,3,4,5,6,7,8,9,10
41,5,1,2,3,4,5,6,7,8,9,10
46,4,1,2,3,4,5,6,7,8,9,10
49,4,1,2,3,4,5,6,7,8,9,10
50,3,1,2,3,4,5,6,7,8,9,10
53,3,1,2,3,4,5,6,7,8,9,10
56,4,1,2,3,4,5,6,7,8,9,10
57,4,1,2,3,4,5,6,7,8,9,10
65,4,1,2,3,4,5,6,7,8,9,10
69,3,1,2,3,4,5,6,7,8,9,10
80,5,1,2,3,4,5,6,7,8,9,10
81,4,1,2,3,4,5,6,7,8,9,10
end
